114,0
114,1
114,2
114,3
114,4
114,5
114,6
114,7
114,8
114,9
114,10
114,11
114,12
114,13
114,14
114,15
114,16
114,17
114,18
114,19
114,20
114,21
114,22
114,23
114,24
114,25
114,26
114,27
114,28
114,29
114,30
114,31
114,32
114,33
114,34
114,35
114,36
114,37
114,38
114,39
114,40
114,41
114,42
114,43
114,44
114,45
114,46
113,47
112,48
111,49
110,50
109,51
108,52
107,53
106,54
105,55
105,56
105,57
105,58
105,59
105,60
105,61
105,62
105,63
105,64
104,65
104,66
104,67
104,68
104,69
104,70
104,71
104,72
104,73
104,74
103,75
102,76
101,77
101,78
101,79
101,80
100,81
100,82
100,83
100,84
100,85
100,86
100,87
100,88
100,89
100,90
100,91
100,92
100,93
100,94
100,95
100,96
100,97
100,98
100,99
100,100
100,101
100,102
100,103
100,104
100,105
100,106
100,107
100,108
100,109
100,110
100,111
100,112
100,113
100,114
100,115
100,116
100,117
100,118
100,119
100,120
100,121
100,122
100,123
100,124
100,125
100,126
100,127
100,128
100,129
100,130
100,131
100,132
100,133
100,134
100,135
100,136
100,137
100,138
100,139
100,140
100,141
100,142
100,143
100,144
100,145
100,146
101,147
102,148
103,149
104,150
105,151
105,152
106,153
107,154
107,155
107,156
107,157
107,158
107,159
107,160
107,161
107,162
107,163
107,164
107,165
107,166
107,167
107,168
107,169
107,170
107,171
107,172
107,173
107,174
107,175
107,176
106,177
105,178
104,179
103,180
102,181
101,182
100,183
99,184
98,185
97,186
96,187
95,188
94,189
93,190
92,191
91,192
90,193
89,194
88,195
88,196
88,197
87,198
86,199
85,200
84,201
84,202
84,203
84,204
84,205
84,206
84,207
84,208
84,209
84,210
84,211
84,212
84,213
84,214
84,215
84,216
84,217
84,218
84,219
84,220
84,221
84,222
84,223
84,224
84,225
84,226
84,227
84,228
84,229
84,230
84,231
84,232
84,233
84,234
84,235
84,236
84,237
84,238
84,239
84,240
84,241
84,242
84,243
84,244
84,245
84,246
84,247
84,248
84,249
84,250
84,251
84,252
84,253
84,254
84,255
84,256
84,257
84,258
84,259
84,260
84,261
84,262
84,263
84,264
84,265
84,266
84,267
84,268
84,269
84,270
84,271
84,272
84,273
84,274
84,275
84,276
84,277
84,278
84,279
84,280
84,281
84,282
84,283
84,284
84,285
84,286
84,287
84,288
84,289
84,290
85,291
86,292
87,293
88,294
89,295
90,296
91,297
92,298
93,299
94,300
95,301
96,302
97,303
97,304
97,305
97,306
97,307
97,308
97,309
97,310
97,311
97,312
98,313
98,314
98,315
98,316
98,317
98,318
98,319
98,320
98,321
98,322
98,323
98,324
98,325
98,326
98,327
98,328
98,329
98,330
98,331
98,332
98,333
98,334
98,335
98,336
98,337
98,338
98,339
98,340
98,341
98,342
98,343
98,344
98,345
98,346
98,347
98,348
98,349
98,350
98,351
98,352
98,353
98,354
97,355
97,356
96,357
96,358
96,359
96,360
96,361
96,362
96,363
96,364
96,365
96,366
96,367
96,368
96,369
96,370
96,371
96,372
96,373
96,374
96,375
96,376
96,377
96,378
96,379
96,380
96,381
96,382
96,383
96,384
96,385
96,386
96,387
96,388
96,389
96,390
96,391
96,392
96,393
96,394
96,395
96,396
96,397
96,398
96,399
96,400
96,401
96,402
96,403
96,404
96,405
96,406
96,407
96,408
96,409
96,410
97,411
98,412
99,413
100,414
101,415
102,416
103,417
104,418
105,419
106,420
107,421
108,422
109,423
110,424
111,425
112,426
113,427
114,428
115,429
116,430
117,431
118,432
119,433
120,434
121,435
122,436
123,437
124,438
125,439
126,440
127,441
128,442
129,443
130,444
131,445
132,446
133,447
134,448
135,449
136,450
137,451
138,452
139,453
140,454
141,455
142,455
143,455
144,455
145,455
146,456
147,456
148,457
149,457
150,457
151,457
152,457
153,457
154,457
155,457
156,457
157,457
158,457
159,457
160,457
161,457
162,457
163,457
164,457
165,457
166,457
167,457
168,457
169,457
170,457
171,457
172,457
173,457
174,457
175,457
176,457
177,457
178,457
179,457
180,457
181,457
182,457
183,457
184,457
185,457
186,457
187,457
188,457
189,457
190,457
191,457
192,457
193,457
194,457
195,457
196,457
197,457
198,457
199,457
200,457
201,457
202,457
203,457
204,457
205,457
206,457
207,457
208,457
209,457
210,457
211,457
212,457
213,457
214,456
215,455
216,454
217,453
218,452
219,451
220,450
221,449
222,448
223,447
224,446
225,445
226,444
227,443
228,442
229,441
230,440
231,439
232,438
233,437
234,436
235,435
236,434
237,433
238,432
239,431
240,430
241,429
242,428
243,427
244,426
245,425
246,424
247,423
248,422
249,421
250,420
251,419
252,418
253,417
254,416
255,415
256,414
257,413
258,412
259,411
260,410
261,409
262,408
263,407
264,406
265,405
266,404
267,403
268,402
269,401
270,400
271,399
272,398
273,397
274,396
275,395
276,394
277,393
278,392
279,391
280,390
281,389
282,388
283,387
284,386
285,385
286,384
287,383
288,382
289,381
290,380
291,379
292,378
293,377
294,376
295,375
296,374
297,373
298,372
299,371
300,370
301,369
302,368
303,367
304,366
305,365
306,364
307,363
308,362
309,361
310,360
311,359
312,358
313,357
314,356
315,355
316,354
317,353
318,352
319,351
320,350
321,349
322,348
323,347
324,346
325,345
326,344
327,343
328,342
329,341
329,340
329,339
329,338
330,337
331,336
332,335
333,334
334,333
335,332
336,331
336,330
336,329
337,328
337,327
337,326
337,325
337,324
337,323
337,322
337,321
337,320
337,319
337,318
337,317
337,316
337,315
337,314
337,313
337,312
337,311
337,310
337,309
337,308
337,307
337,306
337,305
337,304
337,303
337,302
337,301
338,300
339,299
340,298
341,297
342,296
343,295
344,294
345,293
346,292
347,291
348,290
349,289
350,288
351,287
352,286
353,285
354,284
355,283
356,282
357,281
358,281
359,281
360,281
361,281
362,281
363,281
364,281
365,281
366,280
367,279
368,278
369,277
370,276
371,275
372,275
373,275
374,275
375,274
376,273
377,272
378,272
379,272
380,272
381,272
382,272
383,272
384,272
385,272
386,272
387,272
388,272
389,272
390,272
391,272
392,272
393,272
394,272
395,272
396,272
397,272
398,272
399,272
400,272
401,272
402,272
403,272
404,272
405,272
406,272
407,272
408,272
409,272
410,272
411,272
412,272
413,272
414,272
415,272
416,272
417,273
418,274
419,275
420,276
421,277
422,278
423,279
424,280
425,281
426,282
427,283
428,284
429,285
430,286
431,287
432,288
433,289
434,290
435,291
436,292
437,293
438,294
439,295
439,296
440,297
441,298
442,299
442,300
442,301
442,302
442,303
442,304
442,305
442,306
442,307
442,308
443,309
443,310
443,311
443,312
443,313
443,314
443,315
443,316
443,317
443,318
443,319
443,320
443,321
443,322
443,323
443,324
443,325
443,326
443,327
443,328
443,329
443,330
443,331
443,332
443,333
443,334
443,335
443,336
443,337
443,338
443,339
444,340
445,341
446,342
447,343
447,344
448,345
449,346
449,347
449,348
449,349
449,350
450,351
451,352
451,353
451,354
451,355
451,356
451,357
452,358
452,359
452,360
452,361
452,362
452,363
452,364
452,365
452,366
452,367
452,368
451,369
450,370
449,371
448,372
447,373
446,374
445,375
444,376
443,377
442,378
441,378
440,378
439,379
438,380
437,381
436,382
435,383
434,384
433,385
432,386
431,387
430,388
429,389
428,390
427,391
426,392
425,393
424,394
423,395
422,396
421,397
420,398
419,399
418,400
417,401
416,402
415,403
414,404
413,405
412,406
411,407
410,408
409,409
408,410
408,411
408,412
407,413
407,414
407,415
406,416
406,417
405,418
404,419
404,420
404,421
404,422
404,423
403,424
403,425
403,426
403,427
403,428
403,429
403,430
403,431
403,432
403,433
403,434
403,435
403,436
403,437
403,438
403,439
403,440
403,441
403,442
403,443
403,444
403,445
403,446
403,447
402,448
401,449
401,450
401,451
401,452
401,453
401,454
401,455
401,456
401,457
401,458
401,459
401,460
401,461
401,462
401,463
401,464
401,465
401,466
401,467
401,468
401,469
401,470
401,471
401,472
401,473
401,474
401,475
401,476
401,477
401,478
401,479
401,480
401,481
401,482
401,483
401,484
401,485
401,486
401,487
401,488
401,489
401,490
400,491
399,492
398,493
397,494
396,495
395,496
394,497
393,498
392,499
